Attributes
bonds_bond_type[X,Y,Y,Y]:  8.63920e-01 ; iterations: [ 8.63920e-01 ]
atoms_charge[Y,X,Y]     :  7.12238e-01 ; iterations: [ 7.12238e-01 ]
atoms_atom_type[Y,X,Y]  :  6.59303e-01 ; iterations: [ 6.59303e-01 ]
bonds_bond_type[Y,Y,Y,Y]:  4.02158e-01 ; iterations: [ 4.02158e-01 ]
atoms_atom_type[Y,Y,Y]  :  3.72843e-02 ; iterations: [ 3.72843e-02 ]

Attributes summed
bonds_bond_type         :  1.26608e+00 ; iterations: [ 1.26608e+00 ]
atoms_charge            :  7.12238e-01 ; iterations: [ 7.12238e-01 ]
atoms_atom_type         :  6.96588e-01 ; iterations: [ 6.96588e-01 ]

Aggregators
count                   :  9.50898e-01 ; iterations: [ 9.50898e-01 ]
projection3_mode        :  3.92158e-01 ; iterations: [ 3.92158e-01 ]
sum                     :  3.65170e-01 ; iterations: [ 3.65170e-01 ]
max                     :  3.41723e-01 ; iterations: [ 3.41723e-01 ]
min                     :  3.01153e-01 ; iterations: [ 3.01153e-01 ]
projection1_mode        :  1.60000e-01 ; iterations: [ 1.60000e-01 ]
mode                    :  1.26518e-01 ; iterations: [ 1.26518e-01 ]
projection2_min         :  3.13464e-02 ; iterations: [ 3.13464e-02 ]
projection2_max         :  5.93795e-03 ; iterations: [ 5.93795e-03 ]

