Attributes
atoms_charge[Y,Y,Y]     :  6.43246e-01 ; iterations: [ 6.43246e-01 ]
atoms_atom_type[Y,X,Y]  :  6.32832e-01 ; iterations: [ 6.32832e-01 ]
atoms_element[Y,X,Y]    :  5.08557e-01 ; iterations: [ 5.08557e-01 ]
bonds_bond_type[Y,Y,Y,Y]:  4.47971e-01 ; iterations: [ 4.47971e-01 ]
atoms_charge[Y,X,Y]     :  4.28635e-01 ; iterations: [ 4.28635e-01 ]
bonds_bond_type[X,Y,Y,Y]:  3.28069e-01 ; iterations: [ 3.28069e-01 ]
drugs_lumo[X,Y]         :  7.22517e-02 ; iterations: [ 7.22517e-02 ]

Attributes summed
atoms_charge            :  1.07188e+00 ; iterations: [ 1.07188e+00 ]
bonds_bond_type         :  7.76040e-01 ; iterations: [ 7.76040e-01 ]
atoms_atom_type         :  6.32832e-01 ; iterations: [ 6.32832e-01 ]
atoms_element           :  5.08557e-01 ; iterations: [ 5.08557e-01 ]
drugs_lumo              :  7.22517e-02 ; iterations: [ 7.22517e-02 ]

Aggregators
count                   :  8.70425e-01 ; iterations: [ 8.70425e-01 ]
sum                     :  8.29937e-01 ; iterations: [ 8.29937e-01 ]
min                     :  3.10199e-01 ; iterations: [ 3.10199e-01 ]
projection2_max         :  2.96325e-01 ; iterations: [ 2.96325e-01 ]
projection2_mode        :  2.22222e-01 ; iterations: [ 2.22222e-01 ]
projection2_min         :  1.68526e-01 ; iterations: [ 1.68526e-01 ]
max                     :  1.37341e-01 ; iterations: [ 1.37341e-01 ]
projection3_mode        :  1.22449e-01 ; iterations: [ 1.22449e-01 ]
projection1_mode        :  1.03299e-01 ; iterations: [ 1.03299e-01 ]
projection2_sum         :  8.38463e-04 ; iterations: [ 8.38463e-04 ]

