Attributes
atoms_atom_type[Y,X,Y]  :  6.78315e-01 ; iterations: [ 6.78315e-01 ]
drugs_lumo[X,Y]         :  3.88889e-01 ; iterations: [ 3.88889e-01 ]
bonds_bond_type[X,Y,Y,Y]:  3.69607e-01 ; iterations: [ 3.69607e-01 ]
atoms_charge[Y,X,Y]     :  2.67258e-01 ; iterations: [ 2.67258e-01 ]
ring_strucs_name[Y,X,Y] :  2.45720e-01 ; iterations: [ 2.45720e-01 ]
bonds_bond_type[Y,Y,Y,Y]:  1.45108e-01 ; iterations: [ 1.45108e-01 ]

Attributes summed
atoms_atom_type         :  6.78315e-01 ; iterations: [ 6.78315e-01 ]
bonds_bond_type         :  5.14715e-01 ; iterations: [ 5.14715e-01 ]
drugs_lumo              :  3.88889e-01 ; iterations: [ 3.88889e-01 ]
atoms_charge            :  2.67258e-01 ; iterations: [ 2.67258e-01 ]
ring_strucs_name        :  2.45720e-01 ; iterations: [ 2.45720e-01 ]

Aggregators
min                     :  6.96523e-01 ; iterations: [ 6.96523e-01 ]
projection2_min         :  4.80000e-01 ; iterations: [ 4.80000e-01 ]
sum                     :  3.93702e-01 ; iterations: [ 3.93702e-01 ]
count                   :  1.98339e-01 ; iterations: [ 1.98339e-01 ]
mode                    :  9.87654e-02 ; iterations: [ 9.87654e-02 ]
projection3_mode        :  9.87654e-02 ; iterations: [ 9.87654e-02 ]
projection2_sum         :  9.72828e-02 ; iterations: [ 9.72828e-02 ]
max                     :  1.60184e-02 ; iterations: [ 1.60184e-02 ]
projection0_mode        :  1.55009e-02 ; iterations: [ 1.55009e-02 ]

