Attributes
bonds_bond_type[X,Y,Y,Y]:  8.95559e-01 ; iterations: [ 8.95559e-01 ]
atoms_charge[Y,X,Y]     :  8.68240e-01 ; iterations: [ 8.68240e-01 ]
atoms_atom_type[Y,X,Y]  :  6.90038e-01 ; iterations: [ 6.90038e-01 ]
atoms_charge[Y,Y,Y]     :  4.64603e-01 ; iterations: [ 4.64603e-01 ]
atoms_atom_type[Y,Y,Y]  :  1.37776e-01 ; iterations: [ 1.37776e-01 ]

Attributes summed
atoms_charge            :  1.33284e+00 ; iterations: [ 1.33284e+00 ]
bonds_bond_type         :  8.95559e-01 ; iterations: [ 8.95559e-01 ]
atoms_atom_type         :  8.27814e-01 ; iterations: [ 8.27814e-01 ]

Aggregators
sum                     :  1.09710e+00 ; iterations: [ 1.09710e+00 ]
min                     :  8.74348e-01 ; iterations: [ 8.74348e-01 ]
max                     :  3.06416e-01 ; iterations: [ 3.06416e-01 ]
projection2_max         :  2.40000e-01 ; iterations: [ 2.40000e-01 ]
projection2_sum         :  2.24603e-01 ; iterations: [ 2.24603e-01 ]
projection2_min         :  1.37776e-01 ; iterations: [ 1.37776e-01 ]
count                   :  1.25540e-01 ; iterations: [ 1.25540e-01 ]
projection1_mode        :  2.78136e-02 ; iterations: [ 2.78136e-02 ]
mode                    :  2.26205e-02 ; iterations: [ 2.26205e-02 ]

