Attributes
atoms_charge[Y,X,Y]     :  7.18809e-01 ; iterations: [ 7.18809e-01 ]
bonds_bond_type[X,Y,Y,Y]:  7.15698e-01 ; iterations: [ 7.15698e-01 ]
atoms_charge[Y,Y,Y]     :  4.42838e-01 ; iterations: [ 4.42838e-01 ]
atoms_atom_type[Y,X,Y]  :  2.01393e-01 ; iterations: [ 2.01393e-01 ]
drugs_logp[X,Y]         :  1.83818e-02 ; iterations: [ 1.83818e-02 ]

Attributes summed
atoms_charge            :  1.16165e+00 ; iterations: [ 1.16165e+00 ]
bonds_bond_type         :  7.15698e-01 ; iterations: [ 7.15698e-01 ]
atoms_atom_type         :  2.01393e-01 ; iterations: [ 2.01393e-01 ]
drugs_logp              :  1.83818e-02 ; iterations: [ 1.83818e-02 ]

Aggregators
sum                     :  7.27282e-01 ; iterations: [ 7.27282e-01 ]
min                     :  4.34928e-01 ; iterations: [ 4.34928e-01 ]
count                   :  3.72735e-01 ; iterations: [ 3.72735e-01 ]
projection2_max         :  2.22222e-01 ; iterations: [ 2.22222e-01 ]
projection2_min         :  1.15405e-01 ; iterations: [ 1.15405e-01 ]
projection2_sum         :  1.05211e-01 ; iterations: [ 1.05211e-01 ]
projection2_mode        :  7.27147e-02 ; iterations: [ 7.27147e-02 ]
max                     :  4.66216e-02 ; iterations: [ 4.66216e-02 ]

