Attributes
atoms_atom_type[Y,X,Y]  :  1.27973e+00 ; iterations: [ 1.27973e+00 ]
atoms_charge[Y,X,Y]     :  2.87213e-01 ; iterations: [ 2.87213e-01 ]
atoms_charge[Y,Y,Y]     :  2.61345e-01 ; iterations: [ 2.61345e-01 ]
atoms_element[Y,X,Y]    :  1.12966e-01 ; iterations: [ 1.12966e-01 ]
bonds_bond_type[X,Y,Y,Y]:  6.31555e-02 ; iterations: [ 6.31555e-02 ]

Attributes summed
atoms_atom_type         :  1.27973e+00 ; iterations: [ 1.27973e+00 ]
atoms_charge            :  5.48559e-01 ; iterations: [ 5.48559e-01 ]
atoms_element           :  1.12966e-01 ; iterations: [ 1.12966e-01 ]
bonds_bond_type         :  6.31555e-02 ; iterations: [ 6.31555e-02 ]

Aggregators
sum                     :  6.26090e-01 ; iterations: [ 6.26090e-01 ]
max                     :  4.59713e-01 ; iterations: [ 4.59713e-01 ]
min                     :  3.04380e-01 ; iterations: [ 3.04380e-01 ]
projection2_max         :  2.61345e-01 ; iterations: [ 2.61345e-01 ]
count                   :  1.23971e-01 ; iterations: [ 1.23971e-01 ]
projection2_sum         :  1.04938e-01 ; iterations: [ 1.04938e-01 ]
mode                    :  9.98928e-02 ; iterations: [ 9.98928e-02 ]
projection3_mode        :  2.40777e-02 ; iterations: [ 2.40777e-02 ]

