Attributes
atoms_atom_type[Y,X,Y]  :  1.02891e+00 ; iterations: [ 1.02891e+00 ]
bonds_bond_type[X,Y,Y,Y]:  7.96625e-01 ; iterations: [ 7.96625e-01 ]
atoms_charge[Y,X,Y]     :  2.81227e-01 ; iterations: [ 2.81227e-01 ]
atoms_element[Y,X,Y]    :  1.48872e-01 ; iterations: [ 1.48872e-01 ]
bonds_bond_type[Y,Y,Y,Y]:  1.42887e-01 ; iterations: [ 1.42887e-01 ]
atoms_atom_type[Y,Y,Y]  :  9.17073e-02 ; iterations: [ 9.17073e-02 ]

Attributes summed
atoms_atom_type         :  1.12062e+00 ; iterations: [ 1.12062e+00 ]
bonds_bond_type         :  9.39512e-01 ; iterations: [ 9.39512e-01 ]
atoms_charge            :  2.81227e-01 ; iterations: [ 2.81227e-01 ]
atoms_element           :  1.48872e-01 ; iterations: [ 1.48872e-01 ]

Aggregators
count                   :  7.11295e-01 ; iterations: [ 7.11295e-01 ]
sum                     :  5.37661e-01 ; iterations: [ 5.37661e-01 ]
min                     :  4.11220e-01 ; iterations: [ 4.11220e-01 ]
mode                    :  2.22222e-01 ; iterations: [ 2.22222e-01 ]
projection1_mode        :  2.00245e-01 ; iterations: [ 2.00245e-01 ]
projection0_mode        :  1.38889e-01 ; iterations: [ 1.38889e-01 ]
max                     :  1.32471e-01 ; iterations: [ 1.32471e-01 ]
projection2_mode        :  1.25558e-01 ; iterations: [ 1.25558e-01 ]
projection2_min         :  6.67326e-03 ; iterations: [ 6.67326e-03 ]
projection3_mode        :  3.99809e-03 ; iterations: [ 3.99809e-03 ]

