Attributes
bonds_bond_type[X,Y,Y,Y]:  7.46024e-01 ; iterations: [ 7.46024e-01 ]
atoms_charge[Y,X,Y]     :  5.79333e-01 ; iterations: [ 5.79333e-01 ]
atoms_atom_type[Y,X,Y]  :  5.02507e-01 ; iterations: [ 5.02507e-01 ]
atoms_atom_type[Y,Y,Y]  :  8.16327e-03 ; iterations: [ 8.16327e-03 ]

Attributes summed
bonds_bond_type         :  7.46024e-01 ; iterations: [ 7.46024e-01 ]
atoms_charge            :  5.79333e-01 ; iterations: [ 5.79333e-01 ]
atoms_atom_type         :  5.10670e-01 ; iterations: [ 5.10670e-01 ]

Aggregators
sum                     :  7.32790e-01 ; iterations: [ 7.32790e-01 ]
min                     :  3.42432e-01 ; iterations: [ 3.42432e-01 ]
count                   :  3.04020e-01 ; iterations: [ 3.04020e-01 ]
max                     :  1.42335e-01 ; iterations: [ 1.42335e-01 ]
projection1_mode        :  1.38889e-01 ; iterations: [ 1.38889e-01 ]
projection3_mode        :  9.87654e-02 ; iterations: [ 9.87654e-02 ]
mode                    :  6.63657e-02 ; iterations: [ 6.63657e-02 ]
projection2_min         :  8.16327e-03 ; iterations: [ 8.16327e-03 ]
projection2_max         :  2.26699e-03 ; iterations: [ 2.26699e-03 ]

