Attributes
atoms_atom_type[Y,X,Y]  :  1.13114e+00 ; iterations: [ 1.13114e+00 ]
bonds_bond_type[X,Y,Y,Y]:  1.05450e+00 ; iterations: [ 1.05450e+00 ]
atoms_charge[Y,X,Y]     :  7.10588e-01 ; iterations: [ 7.10588e-01 ]
atoms_charge[Y,Y,Y]     :  5.24513e-01 ; iterations: [ 5.24513e-01 ]
atoms_element[Y,X,Y]    :  9.84215e-03 ; iterations: [ 9.84215e-03 ]

Attributes summed
atoms_charge            :  1.23510e+00 ; iterations: [ 1.23510e+00 ]
atoms_atom_type         :  1.13114e+00 ; iterations: [ 1.13114e+00 ]
bonds_bond_type         :  1.05450e+00 ; iterations: [ 1.05450e+00 ]
atoms_element           :  9.84215e-03 ; iterations: [ 9.84215e-03 ]

Aggregators
min                     :  9.19544e-01 ; iterations: [ 9.19544e-01 ]
sum                     :  8.76555e-01 ; iterations: [ 8.76555e-01 ]
max                     :  6.92458e-01 ; iterations: [ 6.92458e-01 ]
projection2_sum         :  3.91471e-01 ; iterations: [ 3.91471e-01 ]
projection2_min         :  2.33477e-01 ; iterations: [ 2.33477e-01 ]
count                   :  1.58540e-01 ; iterations: [ 1.58540e-01 ]
projection1_mode        :  1.07863e-01 ; iterations: [ 1.07863e-01 ]
projection3_mode        :  2.75315e-02 ; iterations: [ 2.75315e-02 ]
mode                    :  2.31461e-02 ; iterations: [ 2.31461e-02 ]

