Attributes
atoms_atom_type[Y,X,Y]  :  1.01042e+00 ; iterations: [ 1.01042e+00 ]
atoms_charge[Y,X,Y]     :  7.18850e-01 ; iterations: [ 7.18850e-01 ]
bonds_bond_type[X,Y,Y,Y]:  3.20595e-01 ; iterations: [ 3.20595e-01 ]
atoms_charge[Y,Y,Y]     :  2.62359e-01 ; iterations: [ 2.62359e-01 ]

Attributes summed
atoms_atom_type         :  1.01042e+00 ; iterations: [ 1.01042e+00 ]
atoms_charge            :  9.81209e-01 ; iterations: [ 9.81209e-01 ]
bonds_bond_type         :  3.20595e-01 ; iterations: [ 3.20595e-01 ]

Aggregators
sum                     :  1.12469e+00 ; iterations: [ 1.12469e+00 ]
min                     :  4.60742e-01 ; iterations: [ 4.60742e-01 ]
max                     :  4.26304e-01 ; iterations: [ 4.26304e-01 ]
projection2_min         :  2.50000e-01 ; iterations: [ 2.50000e-01 ]
count                   :  1.90654e-02 ; iterations: [ 1.90654e-02 ]
projection1_mode        :  1.01687e-02 ; iterations: [ 1.01687e-02 ]
projection2_sum         :  9.15670e-03 ; iterations: [ 9.15670e-03 ]
projection2_mode        :  8.89674e-03 ; iterations: [ 8.89674e-03 ]
projection2_max         :  3.20230e-03 ; iterations: [ 3.20230e-03 ]

