Attributes
atoms_charge[Y,X,Y]     :  9.02796e-01 ; iterations: [ 9.02796e-01 ]
atoms_atom_type[Y,X,Y]  :  7.81591e-01 ; iterations: [ 7.81591e-01 ]
bonds_bond_type[X,Y,Y,Y]:  6.11127e-01 ; iterations: [ 6.11127e-01 ]
atoms_atom_type[Y,Y,Y]  :  1.04853e-01 ; iterations: [ 1.04853e-01 ]
atoms_charge[Y,Y,Y]     :  1.02287e-01 ; iterations: [ 1.02287e-01 ]

Attributes summed
atoms_charge            :  1.00508e+00 ; iterations: [ 1.00508e+00 ]
atoms_atom_type         :  8.86443e-01 ; iterations: [ 8.86443e-01 ]
bonds_bond_type         :  6.11127e-01 ; iterations: [ 6.11127e-01 ]

Aggregators
max                     :  1.09523e+00 ; iterations: [ 1.09523e+00 ]
sum                     :  6.26646e-01 ; iterations: [ 6.26646e-01 ]
min                     :  5.11716e-01 ; iterations: [ 5.11716e-01 ]
projection2_max         :  1.04853e-01 ; iterations: [ 1.04853e-01 ]
projection2_min         :  8.28319e-02 ; iterations: [ 8.28319e-02 ]
count                   :  3.22999e-02 ; iterations: [ 3.22999e-02 ]
projection3_mode        :  2.14790e-02 ; iterations: [ 2.14790e-02 ]
projection2_sum         :  1.67747e-02 ; iterations: [ 1.67747e-02 ]
mode                    :  1.08209e-02 ; iterations: [ 1.08209e-02 ]

