Attributes
atoms_atom_type[Y,X,Y]  :  1.05922e+00 ; iterations: [ 1.05922e+00 ]
bonds_bond_type[X,Y,Y,Y]:  4.89998e-01 ; iterations: [ 4.89998e-01 ]
atoms_charge[Y,X,Y]     :  3.91740e-01 ; iterations: [ 3.91740e-01 ]
atoms_charge[Y,Y,Y]     :  1.19050e-01 ; iterations: [ 1.19050e-01 ]
atoms_element[Y,X,Y]    :  2.22222e-02 ; iterations: [ 2.22222e-02 ]

Attributes summed
atoms_atom_type         :  1.05922e+00 ; iterations: [ 1.05922e+00 ]
atoms_charge            :  5.10790e-01 ; iterations: [ 5.10790e-01 ]
bonds_bond_type         :  4.89998e-01 ; iterations: [ 4.89998e-01 ]
atoms_element           :  2.22222e-02 ; iterations: [ 2.22222e-02 ]

Aggregators
sum                     :  9.45390e-01 ; iterations: [ 9.45390e-01 ]
max                     :  6.44321e-01 ; iterations: [ 6.44321e-01 ]
count                   :  1.81731e-01 ; iterations: [ 1.81731e-01 ]
projection2_mode        :  1.06667e-01 ; iterations: [ 1.06667e-01 ]
projection2_sum         :  9.87654e-02 ; iterations: [ 9.87654e-02 ]
min                     :  6.28509e-02 ; iterations: [ 6.28509e-02 ]
mode                    :  2.22222e-02 ; iterations: [ 2.22222e-02 ]
projection2_max         :  2.02844e-02 ; iterations: [ 2.02844e-02 ]

