Attributes
atoms_atom_type[Y,X,Y]  :  8.37992e-01 ; iterations: [ 8.37992e-01 ]
atoms_charge[Y,X,Y]     :  7.82692e-01 ; iterations: [ 7.82692e-01 ]
atoms_atom_type[Y,Y,Y]  :  4.81510e-01 ; iterations: [ 4.81510e-01 ]
bonds_bond_type[X,Y,Y,Y]:  3.12419e-01 ; iterations: [ 3.12419e-01 ]
atoms_element[Y,X,Y]    :  2.67099e-01 ; iterations: [ 2.67099e-01 ]
drugs_lumo[X,Y]         :  1.63387e-01 ; iterations: [ 1.63387e-01 ]
bonds_bond_type[Y,Y,Y,Y]:  9.28659e-02 ; iterations: [ 9.28659e-02 ]

Attributes summed
atoms_atom_type         :  1.31950e+00 ; iterations: [ 1.31950e+00 ]
atoms_charge            :  7.82692e-01 ; iterations: [ 7.82692e-01 ]
bonds_bond_type         :  4.05285e-01 ; iterations: [ 4.05285e-01 ]
atoms_element           :  2.67099e-01 ; iterations: [ 2.67099e-01 ]
drugs_lumo              :  1.63387e-01 ; iterations: [ 1.63387e-01 ]

Aggregators
sum                     :  9.63304e-01 ; iterations: [ 9.63304e-01 ]
projection2_sum         :  7.50000e-01 ; iterations: [ 7.50000e-01 ]
count                   :  4.32716e-01 ; iterations: [ 4.32716e-01 ]
max                     :  3.92256e-01 ; iterations: [ 3.92256e-01 ]
mode                    :  1.87500e-01 ; iterations: [ 1.87500e-01 ]
min                     :  6.25575e-02 ; iterations: [ 6.25575e-02 ]
projection1_mode        :  5.36508e-02 ; iterations: [ 5.36508e-02 ]
projection2_min         :  4.40104e-02 ; iterations: [ 4.40104e-02 ]
projection0_mode        :  2.83565e-02 ; iterations: [ 2.83565e-02 ]
projection3_mode        :  1.27551e-02 ; iterations: [ 1.27551e-02 ]
projection2_mode        :  1.08586e-02 ; iterations: [ 1.08586e-02 ]

