Attributes
atoms_atom_type[Y,X,Y]  :  9.82170e-01 ; iterations: [ 9.82170e-01 ]
drugs_lumo[X,Y]         :  4.13539e-01 ; iterations: [ 4.13539e-01 ]
bonds_bond_type[Y,Y,Y,Y]:  3.57855e-01 ; iterations: [ 3.57855e-01 ]
bonds_bond_type[X,Y,Y,Y]:  2.90575e-01 ; iterations: [ 2.90575e-01 ]
atoms_charge[Y,X,Y]     :  2.78184e-01 ; iterations: [ 2.78184e-01 ]

Attributes summed
atoms_atom_type         :  9.82170e-01 ; iterations: [ 9.82170e-01 ]
bonds_bond_type         :  6.48430e-01 ; iterations: [ 6.48430e-01 ]
drugs_lumo              :  4.13539e-01 ; iterations: [ 4.13539e-01 ]
atoms_charge            :  2.78184e-01 ; iterations: [ 2.78184e-01 ]

Aggregators
min                     :  9.13946e-01 ; iterations: [ 9.13946e-01 ]
projection2_max         :  4.44444e-01 ; iterations: [ 4.44444e-01 ]
count                   :  3.64121e-01 ; iterations: [ 3.64121e-01 ]
projection0_mode        :  3.45621e-01 ; iterations: [ 3.45621e-01 ]
projection3_mode        :  1.16391e-01 ; iterations: [ 1.16391e-01 ]
projection2_sum         :  6.33376e-02 ; iterations: [ 6.33376e-02 ]
sum                     :  4.48181e-02 ; iterations: [ 4.48181e-02 ]
max                     :  2.96441e-02 ; iterations: [ 2.96441e-02 ]

