Attributes
atoms_charge[Y,X,Y]     :  9.55593e-01 ; iterations: [ 9.55593e-01 ]
bonds_bond_type[X,Y,Y,Y]:  7.26924e-01 ; iterations: [ 7.26924e-01 ]
atoms_atom_type[Y,X,Y]  :  2.70041e-01 ; iterations: [ 2.70041e-01 ]
atoms_charge[Y,Y,Y]     :  2.47984e-01 ; iterations: [ 2.47984e-01 ]
atoms_element[Y,X,Y]    :  2.22222e-01 ; iterations: [ 2.22222e-01 ]
bonds_bond_type[Y,Y,Y,Y]:  8.27855e-03 ; iterations: [ 8.27855e-03 ]

Attributes summed
atoms_charge            :  1.20358e+00 ; iterations: [ 1.20358e+00 ]
bonds_bond_type         :  7.35203e-01 ; iterations: [ 7.35203e-01 ]
atoms_atom_type         :  2.70041e-01 ; iterations: [ 2.70041e-01 ]
atoms_element           :  2.22222e-01 ; iterations: [ 2.22222e-01 ]

Aggregators
sum                     :  9.58488e-01 ; iterations: [ 9.58488e-01 ]
min                     :  6.17658e-01 ; iterations: [ 6.17658e-01 ]
max                     :  4.11219e-01 ; iterations: [ 4.11219e-01 ]
count                   :  1.59689e-01 ; iterations: [ 1.59689e-01 ]
projection2_min         :  1.43628e-01 ; iterations: [ 1.43628e-01 ]
projection1_mode        :  7.76990e-02 ; iterations: [ 7.76990e-02 ]
projection2_mode        :  2.77253e-02 ; iterations: [ 2.77253e-02 ]
projection2_sum         :  2.42569e-02 ; iterations: [ 2.42569e-02 ]
projection3_mode        :  8.27855e-03 ; iterations: [ 8.27855e-03 ]
projection2_max         :  2.39974e-03 ; iterations: [ 2.39974e-03 ]

