Attributes
atoms_atom_type[Y,X,Y]  :  1.79369e+00 ; iterations: [ 1.79369e+00 ]
bonds_bond_type[Y,Y,Y,Y]:  3.13422e-01 ; iterations: [ 3.13422e-01 ]
ring_strucs_name[Y,X,Y] :  2.56460e-01 ; iterations: [ 2.56460e-01 ]
drugs_lumo[X,Y]         :  2.17687e-01 ; iterations: [ 2.17687e-01 ]
atoms_charge[Y,X,Y]     :  6.96830e-02 ; iterations: [ 6.96830e-02 ]

Attributes summed
atoms_atom_type         :  1.79369e+00 ; iterations: [ 1.79369e+00 ]
bonds_bond_type         :  3.13422e-01 ; iterations: [ 3.13422e-01 ]
ring_strucs_name        :  2.56460e-01 ; iterations: [ 2.56460e-01 ]
drugs_lumo              :  2.17687e-01 ; iterations: [ 2.17687e-01 ]
atoms_charge            :  6.96830e-02 ; iterations: [ 6.96830e-02 ]

Aggregators
projection2_max         :  8.88889e-01 ; iterations: [ 8.88889e-01 ]
projection2_sum         :  5.21694e-01 ; iterations: [ 5.21694e-01 ]
count                   :  4.41652e-01 ; iterations: [ 4.41652e-01 ]
min                     :  3.31083e-01 ; iterations: [ 3.31083e-01 ]
projection0_mode        :  2.80447e-01 ; iterations: [ 2.80447e-01 ]
sum                     :  1.33448e-01 ; iterations: [ 1.33448e-01 ]
max                     :  5.37265e-02 ; iterations: [ 5.37265e-02 ]

