Attributes
bonds_bond_type[X,Y,Y,Y]:  8.89288e-01 ; iterations: [ 8.89288e-01 ]
atoms_atom_type[Y,X,Y]  :  6.20764e-01 ; iterations: [ 6.20764e-01 ]
atoms_charge[Y,Y,Y]     :  4.08075e-01 ; iterations: [ 4.08075e-01 ]
atoms_charge[Y,X,Y]     :  3.17529e-01 ; iterations: [ 3.17529e-01 ]
atoms_element[Y,X,Y]    :  1.31187e-01 ; iterations: [ 1.31187e-01 ]

Attributes summed
bonds_bond_type         :  8.89288e-01 ; iterations: [ 8.89288e-01 ]
atoms_charge            :  7.25604e-01 ; iterations: [ 7.25604e-01 ]
atoms_atom_type         :  6.20764e-01 ; iterations: [ 6.20764e-01 ]
atoms_element           :  1.31187e-01 ; iterations: [ 1.31187e-01 ]

Aggregators
min                     :  6.86077e-01 ; iterations: [ 6.86077e-01 ]
count                   :  6.02575e-01 ; iterations: [ 6.02575e-01 ]
sum                     :  3.57055e-01 ; iterations: [ 3.57055e-01 ]
projection2_min         :  2.66148e-01 ; iterations: [ 2.66148e-01 ]
projection2_sum         :  1.41928e-01 ; iterations: [ 1.41928e-01 ]
projection1_mode        :  1.32339e-01 ; iterations: [ 1.32339e-01 ]
projection2_mode        :  1.05089e-01 ; iterations: [ 1.05089e-01 ]
max                     :  7.56320e-02 ; iterations: [ 7.56320e-02 ]

