Attributes
atoms_atom_type[Y,X,Y]  :  1.02543e+00 ; iterations: [ 1.02543e+00 ]
atoms_charge[Y,X,Y]     :  5.94660e-01 ; iterations: [ 5.94660e-01 ]
bonds_bond_type[X,Y,Y,Y]:  5.53042e-01 ; iterations: [ 5.53042e-01 ]
atoms_charge[Y,Y,Y]     :  3.55805e-01 ; iterations: [ 3.55805e-01 ]
atoms_element[Y,X,Y]    :  1.94444e-01 ; iterations: [ 1.94444e-01 ]

Attributes summed
atoms_atom_type         :  1.02543e+00 ; iterations: [ 1.02543e+00 ]
atoms_charge            :  9.50466e-01 ; iterations: [ 9.50466e-01 ]
bonds_bond_type         :  5.53042e-01 ; iterations: [ 5.53042e-01 ]
atoms_element           :  1.94444e-01 ; iterations: [ 1.94444e-01 ]

Aggregators
sum                     :  9.73997e-01 ; iterations: [ 9.73997e-01 ]
max                     :  7.36116e-01 ; iterations: [ 7.36116e-01 ]
count                   :  3.24247e-01 ; iterations: [ 3.24247e-01 ]
mode                    :  1.94444e-01 ; iterations: [ 1.94444e-01 ]
projection2_sum         :  1.60000e-01 ; iterations: [ 1.60000e-01 ]
min                     :  1.38772e-01 ; iterations: [ 1.38772e-01 ]
projection2_min         :  1.20219e-01 ; iterations: [ 1.20219e-01 ]
projection2_max         :  7.55858e-02 ; iterations: [ 7.55858e-02 ]

