Attributes
atoms_charge[Y,X,Y]     :  9.03424e-01 ; iterations: [ 9.03424e-01 ]
bonds_bond_type[X,Y,Y,Y]:  5.59836e-01 ; iterations: [ 5.59836e-01 ]
atoms_charge[Y,Y,Y]     :  5.42794e-01 ; iterations: [ 5.42794e-01 ]
atoms_atom_type[Y,X,Y]  :  2.65973e-01 ; iterations: [ 2.65973e-01 ]
atoms_element[Y,X,Y]    :  1.97614e-01 ; iterations: [ 1.97614e-01 ]

Attributes summed
atoms_charge            :  1.44622e+00 ; iterations: [ 1.44622e+00 ]
bonds_bond_type         :  5.59836e-01 ; iterations: [ 5.59836e-01 ]
atoms_atom_type         :  2.65973e-01 ; iterations: [ 2.65973e-01 ]
atoms_element           :  1.97614e-01 ; iterations: [ 1.97614e-01 ]

Aggregators
sum                     :  8.07057e-01 ; iterations: [ 8.07057e-01 ]
count                   :  3.74174e-01 ; iterations: [ 3.74174e-01 ]
min                     :  3.09219e-01 ; iterations: [ 3.09219e-01 ]
max                     :  3.02222e-01 ; iterations: [ 3.02222e-01 ]
projection2_sum         :  2.49722e-01 ; iterations: [ 2.49722e-01 ]
projection2_min         :  1.87500e-01 ; iterations: [ 1.87500e-01 ]
projection2_mode        :  1.23196e-01 ; iterations: [ 1.23196e-01 ]
projection2_max         :  1.05571e-01 ; iterations: [ 1.05571e-01 ]
projection3_mode        :  1.09787e-02 ; iterations: [ 1.09787e-02 ]

