Attributes
atoms_charge[Y,X,Y]     :  9.24751e-01 ; iterations: [ 9.24751e-01 ]
bonds_bond_type[X,Y,Y,Y]:  4.64166e-01 ; iterations: [ 4.64166e-01 ]
atoms_charge[Y,Y,Y]     :  2.66233e-01 ; iterations: [ 2.66233e-01 ]
atoms_element[Y,X,Y]    :  2.46783e-01 ; iterations: [ 2.46783e-01 ]
atoms_atom_type[Y,X,Y]  :  2.07354e-01 ; iterations: [ 2.07354e-01 ]

Attributes summed
atoms_charge            :  1.19098e+00 ; iterations: [ 1.19098e+00 ]
bonds_bond_type         :  4.64166e-01 ; iterations: [ 4.64166e-01 ]
atoms_element           :  2.46783e-01 ; iterations: [ 2.46783e-01 ]
atoms_atom_type         :  2.07354e-01 ; iterations: [ 2.07354e-01 ]

Aggregators
sum                     :  6.95160e-01 ; iterations: [ 6.95160e-01 ]
count                   :  3.66655e-01 ; iterations: [ 3.66655e-01 ]
min                     :  3.10000e-01 ; iterations: [ 3.10000e-01 ]
projection2_min         :  1.65990e-01 ; iterations: [ 1.65990e-01 ]
projection1_mode        :  1.60000e-01 ; iterations: [ 1.60000e-01 ]
max                     :  1.58594e-01 ; iterations: [ 1.58594e-01 ]
projection3_mode        :  1.46655e-01 ; iterations: [ 1.46655e-01 ]
projection2_sum         :  5.85938e-02 ; iterations: [ 5.85938e-02 ]
projection2_max         :  4.76389e-02 ; iterations: [ 4.76389e-02 ]

