Attributes
atoms_charge[Y,X,Y]     :  7.92908e-01 ; iterations: [ 7.92908e-01 ]
bonds_bond_type[X,Y,Y,Y]:  6.30602e-01 ; iterations: [ 6.30602e-01 ]
atoms_atom_type[Y,X,Y]  :  6.19196e-01 ; iterations: [ 6.19196e-01 ]
atoms_atom_type[Y,Y,Y]  :  1.62587e-01 ; iterations: [ 1.62587e-01 ]
atoms_element[Y,X,Y]    :  2.49836e-02 ; iterations: [ 2.49836e-02 ]

Attributes summed
atoms_charge            :  7.92908e-01 ; iterations: [ 7.92908e-01 ]
atoms_atom_type         :  7.81783e-01 ; iterations: [ 7.81783e-01 ]
bonds_bond_type         :  6.30602e-01 ; iterations: [ 6.30602e-01 ]
atoms_element           :  2.49836e-02 ; iterations: [ 2.49836e-02 ]

Aggregators
sum                     :  7.01178e-01 ; iterations: [ 7.01178e-01 ]
min                     :  5.83821e-01 ; iterations: [ 5.83821e-01 ]
max                     :  3.97249e-01 ; iterations: [ 3.97249e-01 ]
count                   :  3.76040e-01 ; iterations: [ 3.76040e-01 ]
projection2_min         :  1.04987e-01 ; iterations: [ 1.04987e-01 ]
projection1_mode        :  5.76000e-02 ; iterations: [ 5.76000e-02 ]
projection3_mode        :  6.57164e-03 ; iterations: [ 6.57164e-03 ]
projection2_mode        :  2.83039e-03 ; iterations: [ 2.83039e-03 ]

