Attributes
atoms_atom_type[Y,X,Y]  :  6.48357e-01 ; iterations: [ 6.48357e-01 ]
bonds_bond_type[X,Y,Y,Y]:  4.96121e-01 ; iterations: [ 4.96121e-01 ]
atoms_charge[Y,Y,Y]     :  2.80647e-01 ; iterations: [ 2.80647e-01 ]
atoms_element[Y,X,Y]    :  2.36686e-01 ; iterations: [ 2.36686e-01 ]
atoms_charge[Y,X,Y]     :  2.28910e-01 ; iterations: [ 2.28910e-01 ]
bonds_bond_type[Y,Y,Y,Y]:  1.54382e-01 ; iterations: [ 1.54382e-01 ]
drugs_ind1[X,Y]         :  3.08328e-02 ; iterations: [ 3.08328e-02 ]

Attributes summed
bonds_bond_type         :  6.50503e-01 ; iterations: [ 6.50503e-01 ]
atoms_atom_type         :  6.48357e-01 ; iterations: [ 6.48357e-01 ]
atoms_charge            :  5.09557e-01 ; iterations: [ 5.09557e-01 ]
atoms_element           :  2.36686e-01 ; iterations: [ 2.36686e-01 ]
drugs_ind1              :  3.08328e-02 ; iterations: [ 3.08328e-02 ]

Aggregators
max                     :  6.63024e-01 ; iterations: [ 6.63024e-01 ]
min                     :  4.65782e-01 ; iterations: [ 4.65782e-01 ]
sum                     :  3.49933e-01 ; iterations: [ 3.49933e-01 ]
projection2_sum         :  2.36686e-01 ; iterations: [ 2.36686e-01 ]
count                   :  1.70363e-01 ; iterations: [ 1.70363e-01 ]
projection2_mode        :  1.37755e-01 ; iterations: [ 1.37755e-01 ]
projection2_max         :  2.79806e-02 ; iterations: [ 2.79806e-02 ]
projection1_mode        :  1.59801e-02 ; iterations: [ 1.59801e-02 ]
mode                    :  4.21627e-03 ; iterations: [ 4.21627e-03 ]
projection3_mode        :  4.21627e-03 ; iterations: [ 4.21627e-03 ]

