Attributes
atoms_atom_type[Y,X,Y]  :  8.45642e-01 ; iterations: [ 8.45642e-01 ]
bonds_bond_type[X,Y,Y,Y]:  6.26789e-01 ; iterations: [ 6.26789e-01 ]
atoms_charge[Y,X,Y]     :  5.11822e-01 ; iterations: [ 5.11822e-01 ]
atoms_charge[Y,Y,Y]     :  2.48597e-01 ; iterations: [ 2.48597e-01 ]
drugs_lumo[X,Y]         :  1.90544e-01 ; iterations: [ 1.90544e-01 ]
atoms_element[Y,X,Y]    :  9.18210e-02 ; iterations: [ 9.18210e-02 ]
bonds_bond_type[Y,Y,Y,Y]:  3.08251e-02 ; iterations: [ 3.08251e-02 ]

Attributes summed
atoms_atom_type         :  8.45642e-01 ; iterations: [ 8.45642e-01 ]
atoms_charge            :  7.60419e-01 ; iterations: [ 7.60419e-01 ]
bonds_bond_type         :  6.57614e-01 ; iterations: [ 6.57614e-01 ]
drugs_lumo              :  1.90544e-01 ; iterations: [ 1.90544e-01 ]
atoms_element           :  9.18210e-02 ; iterations: [ 9.18210e-02 ]

Aggregators
sum                     :  1.04074e+00 ; iterations: [ 1.04074e+00 ]
max                     :  5.71881e-01 ; iterations: [ 5.71881e-01 ]
min                     :  3.71627e-01 ; iterations: [ 3.71627e-01 ]
projection2_max         :  2.22222e-01 ; iterations: [ 2.22222e-01 ]
count                   :  1.22646e-01 ; iterations: [ 1.22646e-01 ]
projection2_sum         :  1.11111e-01 ; iterations: [ 1.11111e-01 ]
mode                    :  4.86111e-02 ; iterations: [ 4.86111e-02 ]
projection2_mode        :  2.95409e-02 ; iterations: [ 2.95409e-02 ]
projection2_min         :  2.63746e-02 ; iterations: [ 2.63746e-02 ]
projection0_mode        :  1.28419e-03 ; iterations: [ 1.28419e-03 ]

