Attributes
atoms_atom_type[Y,X,Y]  :  8.45520e-01 ; iterations: [ 8.45520e-01 ]
bonds_bond_type[X,Y,Y,Y]:  6.18613e-01 ; iterations: [ 6.18613e-01 ]
atoms_element[Y,X,Y]    :  3.66387e-01 ; iterations: [ 3.66387e-01 ]
atoms_charge[Y,X,Y]     :  3.19344e-01 ; iterations: [ 3.19344e-01 ]
bonds_bond_type[Y,Y,Y,Y]:  2.49093e-01 ; iterations: [ 2.49093e-01 ]
atoms_charge[Y,Y,Y]     :  3.32639e-02 ; iterations: [ 3.32639e-02 ]

Attributes summed
bonds_bond_type         :  8.67706e-01 ; iterations: [ 8.67706e-01 ]
atoms_atom_type         :  8.45520e-01 ; iterations: [ 8.45520e-01 ]
atoms_element           :  3.66387e-01 ; iterations: [ 3.66387e-01 ]
atoms_charge            :  3.52608e-01 ; iterations: [ 3.52608e-01 ]

Aggregators
sum                     :  7.95596e-01 ; iterations: [ 7.95596e-01 ]
count                   :  6.17428e-01 ; iterations: [ 6.17428e-01 ]
projection2_max         :  4.20000e-01 ; iterations: [ 4.20000e-01 ]
projection0_mode        :  2.44898e-01 ; iterations: [ 2.44898e-01 ]
min                     :  1.95419e-01 ; iterations: [ 1.95419e-01 ]
mode                    :  1.13020e-01 ; iterations: [ 1.13020e-01 ]
projection2_sum         :  2.66667e-02 ; iterations: [ 2.66667e-02 ]
max                     :  8.40192e-03 ; iterations: [ 8.40192e-03 ]
projection2_min         :  6.59722e-03 ; iterations: [ 6.59722e-03 ]
projection3_mode        :  4.19501e-03 ; iterations: [ 4.19501e-03 ]

