Attributes
atoms_atom_type[Y,X,Y]  :  1.78934e+00 ; iterations: [ 1.78934e+00 ]
bonds_bond_type[X,Y,Y,Y]:  4.82517e-01 ; iterations: [ 4.82517e-01 ]
atoms_charge[Y,X,Y]     :  4.42156e-01 ; iterations: [ 4.42156e-01 ]
ring_strucs_name[Y,X,Y] :  2.42093e-01 ; iterations: [ 2.42093e-01 ]
drugs_lumo[X,Y]         :  1.91327e-01 ; iterations: [ 1.91327e-01 ]
bonds_bond_type[Y,Y,Y,Y]:  1.18688e-01 ; iterations: [ 1.18688e-01 ]

Attributes summed
atoms_atom_type         :  1.78934e+00 ; iterations: [ 1.78934e+00 ]
bonds_bond_type         :  6.01204e-01 ; iterations: [ 6.01204e-01 ]
atoms_charge            :  4.42156e-01 ; iterations: [ 4.42156e-01 ]
ring_strucs_name        :  2.42093e-01 ; iterations: [ 2.42093e-01 ]
drugs_lumo              :  1.91327e-01 ; iterations: [ 1.91327e-01 ]

Aggregators
projection2_sum         :  9.65758e-01 ; iterations: [ 9.65758e-01 ]
min                     :  7.63890e-01 ; iterations: [ 7.63890e-01 ]
projection2_min         :  5.00000e-01 ; iterations: [ 5.00000e-01 ]
sum                     :  4.28212e-01 ; iterations: [ 4.28212e-01 ]
projection2_max         :  2.08333e-01 ; iterations: [ 2.08333e-01 ]
count                   :  1.86514e-01 ; iterations: [ 1.86514e-01 ]
mode                    :  9.01442e-02 ; iterations: [ 9.01442e-02 ]
projection3_mode        :  9.01442e-02 ; iterations: [ 9.01442e-02 ]
max                     :  2.95257e-02 ; iterations: [ 2.95257e-02 ]
projection0_mode        :  3.60000e-03 ; iterations: [ 3.60000e-03 ]

