Attributes
bonds_bond_type[X,Y,Y,Y]:  6.63252e-01 ; iterations: [ 6.63252e-01 ]
atoms_atom_type[Y,X,Y]  :  6.46077e-01 ; iterations: [ 6.46077e-01 ]
atoms_charge[Y,X,Y]     :  5.90632e-01 ; iterations: [ 5.90632e-01 ]
atoms_charge[Y,Y,Y]     :  2.53724e-01 ; iterations: [ 2.53724e-01 ]
drugs_ind1[X,Y]         :  1.41577e-01 ; iterations: [ 1.41577e-01 ]

Attributes summed
atoms_charge            :  8.44356e-01 ; iterations: [ 8.44356e-01 ]
bonds_bond_type         :  6.63252e-01 ; iterations: [ 6.63252e-01 ]
atoms_atom_type         :  6.46077e-01 ; iterations: [ 6.46077e-01 ]
drugs_ind1              :  1.41577e-01 ; iterations: [ 1.41577e-01 ]

Aggregators
sum                     :  1.10394e+00 ; iterations: [ 1.10394e+00 ]
max                     :  3.34033e-01 ; iterations: [ 3.34033e-01 ]
min                     :  2.53802e-01 ; iterations: [ 2.53802e-01 ]
projection2_min         :  2.50000e-01 ; iterations: [ 2.50000e-01 ]
count                   :  2.39008e-01 ; iterations: [ 2.39008e-01 ]
projection2_mode        :  9.19062e-02 ; iterations: [ 9.19062e-02 ]
mode                    :  1.88476e-02 ; iterations: [ 1.88476e-02 ]
projection2_max         :  3.72444e-03 ; iterations: [ 3.72444e-03 ]

