Attributes
atoms_atom_type[Y,X,Y]  :  9.47493e-01 ; iterations: [ 9.47493e-01 ]
bonds_bond_type[X,Y,Y,Y]:  7.41833e-01 ; iterations: [ 7.41833e-01 ]
atoms_charge[Y,X,Y]     :  4.32552e-01 ; iterations: [ 4.32552e-01 ]
atoms_charge[Y,Y,Y]     :  3.14776e-01 ; iterations: [ 3.14776e-01 ]
atoms_element[Y,X,Y]    :  9.55069e-02 ; iterations: [ 9.55069e-02 ]

Attributes summed
atoms_atom_type         :  9.47493e-01 ; iterations: [ 9.47493e-01 ]
atoms_charge            :  7.47328e-01 ; iterations: [ 7.47328e-01 ]
bonds_bond_type         :  7.41833e-01 ; iterations: [ 7.41833e-01 ]
atoms_element           :  9.55069e-02 ; iterations: [ 9.55069e-02 ]

Aggregators
sum                     :  8.70598e-01 ; iterations: [ 8.70598e-01 ]
min                     :  7.28119e-01 ; iterations: [ 7.28119e-01 ]
max                     :  4.33696e-01 ; iterations: [ 4.33696e-01 ]
projection2_max         :  2.06618e-01 ; iterations: [ 2.06618e-01 ]
count                   :  1.36791e-01 ; iterations: [ 1.36791e-01 ]
projection2_min         :  1.08158e-01 ; iterations: [ 1.08158e-01 ]
mode                    :  3.45748e-02 ; iterations: [ 3.45748e-02 ]
projection3_mode        :  1.36054e-02 ; iterations: [ 1.36054e-02 ]

