Attributes
atoms_atom_type[Y,X,Y]  :  8.28111e-01 ; iterations: [ 8.28111e-01 ]
bonds_bond_type[X,Y,Y,Y]:  5.05793e-01 ; iterations: [ 5.05793e-01 ]
atoms_charge[Y,Y,Y]     :  3.76592e-01 ; iterations: [ 3.76592e-01 ]
atoms_charge[Y,X,Y]     :  2.27951e-01 ; iterations: [ 2.27951e-01 ]
atoms_atom_type[Y,Y,Y]  :  1.41392e-01 ; iterations: [ 1.41392e-01 ]
atoms_element[Y,X,Y]    :  1.20206e-01 ; iterations: [ 1.20206e-01 ]
bonds_bond_type[Y,Y,Y,Y]:  9.91874e-02 ; iterations: [ 9.91874e-02 ]

Attributes summed
atoms_atom_type         :  9.69503e-01 ; iterations: [ 9.69503e-01 ]
bonds_bond_type         :  6.04981e-01 ; iterations: [ 6.04981e-01 ]
atoms_charge            :  6.04543e-01 ; iterations: [ 6.04543e-01 ]
atoms_element           :  1.20206e-01 ; iterations: [ 1.20206e-01 ]

Aggregators
sum                     :  7.45269e-01 ; iterations: [ 7.45269e-01 ]
max                     :  3.65340e-01 ; iterations: [ 3.65340e-01 ]
count                   :  2.95854e-01 ; iterations: [ 2.95854e-01 ]
projection2_max         :  2.94952e-01 ; iterations: [ 2.94952e-01 ]
projection2_sum         :  1.58378e-01 ; iterations: [ 1.58378e-01 ]
projection3_mode        :  1.06667e-01 ; iterations: [ 1.06667e-01 ]
projection1_mode        :  9.35566e-02 ; iterations: [ 9.35566e-02 ]
mode                    :  9.00000e-02 ; iterations: [ 9.00000e-02 ]
min                     :  7.89308e-02 ; iterations: [ 7.89308e-02 ]
projection2_min         :  6.46549e-02 ; iterations: [ 6.46549e-02 ]
projection2_mode        :  5.63077e-03 ; iterations: [ 5.63077e-03 ]

