Attributes
bonds_bond_type[X,Y,Y,Y]:  7.08564e-01 ; iterations: [ 7.08564e-01 ]
atoms_charge[Y,X,Y]     :  6.78770e-01 ; iterations: [ 6.78770e-01 ]
atoms_atom_type[Y,X,Y]  :  5.44562e-01 ; iterations: [ 5.44562e-01 ]
atoms_charge[Y,Y,Y]     :  2.18221e-01 ; iterations: [ 2.18221e-01 ]
atoms_element[Y,X,Y]    :  1.28321e-01 ; iterations: [ 1.28321e-01 ]

Attributes summed
atoms_charge            :  8.96991e-01 ; iterations: [ 8.96991e-01 ]
bonds_bond_type         :  7.08564e-01 ; iterations: [ 7.08564e-01 ]
atoms_atom_type         :  5.44562e-01 ; iterations: [ 5.44562e-01 ]
atoms_element           :  1.28321e-01 ; iterations: [ 1.28321e-01 ]

Aggregators
sum                     :  1.09436e+00 ; iterations: [ 1.09436e+00 ]
max                     :  5.69590e-01 ; iterations: [ 5.69590e-01 ]
projection2_max         :  2.99107e-01 ; iterations: [ 2.99107e-01 ]
min                     :  2.22222e-01 ; iterations: [ 2.22222e-01 ]
count                   :  4.31648e-02 ; iterations: [ 4.31648e-02 ]
projection2_sum         :  1.92732e-02 ; iterations: [ 1.92732e-02 ]
mode                    :  1.71153e-02 ; iterations: [ 1.71153e-02 ]
projection2_min         :  1.36054e-02 ; iterations: [ 1.36054e-02 ]

