Attributes
bonds_bond_type[X,Y,Y,Y]:  5.88306e-01 ; iterations: [ 5.88306e-01 ]
atoms_charge[Y,X,Y]     :  4.84471e-01 ; iterations: [ 4.84471e-01 ]
atoms_atom_type[Y,X,Y]  :  2.19156e-01 ; iterations: [ 2.19156e-01 ]
atoms_charge[Y,Y,Y]     :  1.50480e-01 ; iterations: [ 1.50480e-01 ]
drugs_lumo[X,Y]         :  6.44444e-02 ; iterations: [ 6.44444e-02 ]

Attributes summed
atoms_charge            :  6.34951e-01 ; iterations: [ 6.34951e-01 ]
bonds_bond_type         :  5.88306e-01 ; iterations: [ 5.88306e-01 ]
atoms_atom_type         :  2.19156e-01 ; iterations: [ 2.19156e-01 ]
drugs_lumo              :  6.44444e-02 ; iterations: [ 6.44444e-02 ]

Aggregators
min                     :  3.59250e-01 ; iterations: [ 3.59250e-01 ]
sum                     :  3.41852e-01 ; iterations: [ 3.41852e-01 ]
max                     :  2.44819e-01 ; iterations: [ 2.44819e-01 ]
count                   :  2.32439e-01 ; iterations: [ 2.32439e-01 ]
projection3_mode        :  1.78017e-01 ; iterations: [ 1.78017e-01 ]
projection2_max         :  9.70012e-02 ; iterations: [ 9.70012e-02 ]
projection2_min         :  3.54545e-02 ; iterations: [ 3.54545e-02 ]
projection2_sum         :  1.80245e-02 ; iterations: [ 1.80245e-02 ]

