Attributes
atoms_atom_type[Y,X,Y]  :  1.19988e+00 ; iterations: [ 1.19988e+00 ]
atoms_charge[Y,X,Y]     :  8.77544e-01 ; iterations: [ 8.77544e-01 ]
atoms_atom_type[Y,Y,Y]  :  5.02745e-01 ; iterations: [ 5.02745e-01 ]
bonds_bond_type[X,Y,Y,Y]:  4.03121e-01 ; iterations: [ 4.03121e-01 ]
atoms_charge[Y,Y,Y]     :  3.25420e-01 ; iterations: [ 3.25420e-01 ]

Attributes summed
atoms_atom_type         :  1.70262e+00 ; iterations: [ 1.70262e+00 ]
atoms_charge            :  1.20296e+00 ; iterations: [ 1.20296e+00 ]
bonds_bond_type         :  4.03121e-01 ; iterations: [ 4.03121e-01 ]

Aggregators
sum                     :  9.91777e-01 ; iterations: [ 9.91777e-01 ]
count                   :  7.10407e-01 ; iterations: [ 7.10407e-01 ]
projection2_sum         :  6.13706e-01 ; iterations: [ 6.13706e-01 ]
min                     :  3.45307e-01 ; iterations: [ 3.45307e-01 ]
projection1_mode        :  2.22222e-01 ; iterations: [ 2.22222e-01 ]
max                     :  1.73049e-01 ; iterations: [ 1.73049e-01 ]
projection2_min         :  1.56159e-01 ; iterations: [ 1.56159e-01 ]
projection2_max         :  5.55556e-02 ; iterations: [ 5.55556e-02 ]
mode                    :  4.05224e-02 ; iterations: [ 4.05224e-02 ]

